hour co2_model damper_model co2_switch damper_switch
12.0000   787.0  0.00   711.9  0.00
12.0167   784.0  0.00   709.5  0.00
12.0333   781.0  0.00   707.1  0.00
12.0500   778.0  0.00   704.7  0.00
12.0667   775.0  0.00   702.3  0.00
12.0833   772.0  0.00   699.9  0.00
12.1000   769.0  0.00   697.5  0.00
12.1167   766.0  0.00   695.1  0.00
12.1333   763.0  0.00   692.7  0.00
12.1500   760.0  0.00   690.3  0.00
12.1667   757.0  0.00   687.9  0.00
12.1833   754.0  0.00   685.5  0.00
12.2000   751.0  0.00   683.1  0.00
12.2167   748.0  0.00   680.7  0.00
12.2333   745.0  0.00   678.3  0.00
12.2500   742.2  0.00   676.0  0.00
12.2667   742.6  0.00   677.1  0.00
12.2833   744.4  0.00   679.5  0.00
12.3000   746.2  0.00   681.9  0.00
12.3167   748.1  0.00   684.3  0.00
12.3333   749.9  0.00   686.7  0.00
12.3500   751.6  0.00   689.1  0.00
12.3667   753.4  0.00   691.5  0.00
12.3833   755.2  0.00   693.9  0.00
12.4000   757.1  0.00   696.3  0.00
12.4167   758.9  0.00   698.7  0.00
12.4333   762.0  0.00   702.4  0.00
12.4500   767.2  0.00   709.1  0.00
12.4667   770.8  0.15   715.8  0.00
12.4833   774.4  0.15   722.4  0.00
12.5000   778.0  0.15   728.9  0.00
12.5167   781.6  0.15   735.6  0.00
12.5333   785.2  0.15   742.1  0.00
12.5500   788.8  0.15   748.8  0.00
12.5667   792.4  0.15   755.4  0.00
12.5833   796.0  0.15   761.9  0.00
12.6000   799.1  0.15   768.6  0.00
12.6167   802.1  0.15   775.0  0.00
12.6333   805.1  0.15   781.0  0.00
12.6500   808.1  0.15   787.0  0.00
12.6667   811.1  0.15   793.0  0.00
12.6833   815.2  0.15   801.8  0.00
12.7000   818.8  0.35   812.6  0.00
12.7167   822.4  0.35   823.4  0.00
12.7333   826.0  0.35   834.0  0.00
12.7500   829.6  0.35   844.2  0.00
12.7667   835.6  0.35   856.5  0.00
12.7833   841.7  0.35   871.5  0.00
12.8000   845.3  0.55   886.4  0.00
12.8167   848.9  0.55   900.9  0.00
12.8333   852.1  0.55   915.3  0.00
12.8500   855.1  0.55   929.7  0.00
12.8667   858.1  0.55   944.1  0.00
12.8833   861.1  0.55   943.1  1.00
12.9000   864.1  0.55   931.8  1.00
12.9167   867.1  0.55   921.0  1.00
12.9333   869.5  0.55   910.9  1.00
12.9500   871.9  0.55   901.3  1.00
12.9667   874.3  0.55   892.3  1.00
12.9833   876.7  0.55   883.8  1.00
13.0000   879.1  0.55   875.9  1.00
13.0167   881.6  0.55   868.4  1.00
13.0333   885.3  0.55   864.7  1.00
13.0500   887.2  0.75   862.3  1.00
13.0667   889.1  0.75   859.9  1.00
13.0833   890.9  0.75   857.9  1.00
13.1000   892.6  0.75   856.1  1.00
13.1167   894.4  0.75   854.2  1.00
13.1333   896.2  0.75   852.4  1.00
13.1500   898.1  0.75   850.6  1.00
13.1667   899.5  0.75   848.9  1.00
13.1833   900.7  0.75   847.5  1.00
13.2000   901.9  0.75   846.3  1.00
13.2167   903.1  0.75   845.1  1.00
13.2333   904.4  0.75   844.0  1.00
13.2500   907.6  0.75   846.2  1.00
13.2667   909.8  0.90   849.4  1.00
13.2833   911.6  0.90   852.4  1.00
13.3000   913.4  0.90   855.4  1.00
13.3167   915.1  0.90   858.1  1.00
13.3333   916.9  0.90   860.5  1.00
13.3500   918.8  0.90   862.9  1.00
13.3667   920.4  0.90   865.3  1.00
13.3833   921.6  0.90   867.6  1.00
13.4000   922.8  0.90   869.4  1.00
13.4167   924.0  0.90   871.2  1.00
13.4333   925.2  0.90   873.1  1.00
13.4500   926.4  0.90   874.9  1.00
13.4667   927.6  0.90   876.6  1.00
13.4833   928.8  0.90   878.2  1.00
13.5000   930.0  0.90   879.4  1.00
13.5167   931.1  0.90   880.6  1.00
13.5333   931.8  0.90   881.8  1.00
13.5500   932.4  0.90   883.0  1.00
13.5667   933.1  0.90   884.2  1.00
13.5833   933.6  0.90   885.4  1.00
13.6000   934.2  0.90   886.6  1.00
13.6167   934.8  0.90   887.8  1.00
13.6333   935.4  0.90   888.4  1.00
13.6500   936.1  0.90   889.1  1.00
13.6667   936.6  0.90   889.6  1.00
13.6833   937.2  0.90   890.2  1.00
13.7000   937.8  0.90   890.8  1.00
13.7167   938.4  0.90   891.4  1.00
13.7333   939.1  0.90   892.1  1.00
13.7500   939.6  0.90   892.6  1.00
13.7667   940.2  0.90   893.2  1.00
13.7833   940.8  0.90   893.8  1.00
13.8000   941.4  0.90   894.4  1.00
13.8167   942.1  0.90   895.1  1.00
13.8333   942.6  0.90   895.6  1.00
13.8500   941.9  0.90   895.4  1.00
13.8667   938.1  0.90   891.6  1.00
13.8833   933.9  0.90   887.8  1.00
13.9000   930.5  0.90   884.2  1.00
13.9167   929.9  0.75   880.6  1.00
13.9333   929.9  0.75   877.4  1.00
13.9500   929.9  0.75   874.4  1.00
13.9667   929.9  0.75   871.4  1.00
13.9833   929.9  0.75   868.5  1.00
14.0000   929.9  0.75   866.1  1.00
14.0167   929.9  0.75   863.7  1.00
14.0333   929.9  0.75   861.3  1.00
14.0500   929.9  0.75   858.9  1.00
14.0667   929.9  0.75   857.1  1.00
14.0833   929.9  0.75   855.2  1.00
14.1000   929.9  0.75   853.4  1.00
14.1167   929.9  0.75   851.6  1.00
14.1333   929.9  0.75   849.9  1.00
14.1500   929.9  0.75   848.2  1.00
14.1667   928.9  0.75   844.2  1.00
14.1833   928.2  0.60   838.4  1.00
14.2000   927.6  0.60   832.9  1.00
14.2167   927.1  0.60   827.8  1.00
14.2333   926.4  0.60   823.0  1.00
14.2500   925.9  0.60   818.4  1.00
14.2667   925.2  0.60   814.1  1.00
14.2833   924.5  0.60   809.6  1.00
14.3000   922.7  0.60   802.5  1.00
14.3167   922.7  0.40   808.0  0.00
14.3333   922.7  0.40   818.8  0.00
14.3500   922.7  0.40   829.6  0.00
14.3667   922.7  0.40   839.9  0.00
14.3833   922.7  0.40   850.1  0.00
14.4000   922.7  0.40   860.2  0.00
14.4167   922.7  0.40   870.4  0.00
14.4333   922.7  0.40   880.6  0.00
14.4500   922.7  0.40   890.9  0.00
14.4667   922.7  0.40   900.9  0.00
14.4833   922.7  0.40   910.5  0.00
14.5000   922.7  0.40   920.1  0.00
14.5167   922.7  0.40   929.7  0.00
14.5333   922.7  0.40   939.3  0.00
14.5500   922.7  0.40   948.2  0.00
14.5667   922.7  0.40   939.0  1.00
14.5833   922.7  0.40   923.3  1.00
14.6000   922.7  0.40   908.5  1.00
14.6167   922.7  0.40   894.5  1.00
14.6333   922.7  0.40   881.3  1.00
14.6500   922.7  0.40   868.8  1.00
14.6667   922.7  0.40   857.1  1.00
14.6833   922.7  0.40   846.0  1.00
14.7000   922.7  0.40   835.6  1.00
14.7167   922.7  0.40   825.7  1.00
14.7333   922.7  0.40   816.5  1.00
14.7500   922.7  0.40   807.7  1.00
14.7667   922.7  0.40   800.9  1.00
14.7833   922.7  0.40   808.6  0.00
14.8000   922.7  0.40   819.4  0.00
14.8167   922.7  0.40   830.1  0.00
14.8333   922.7  0.40   840.4  0.00
14.8500   922.7  0.40   850.6  0.00
14.8667   922.7  0.40   860.9  0.00
14.8833   922.7  0.40   871.1  0.00
14.9000   922.7  0.40   881.2  0.00
14.9167   922.7  0.40   891.4  0.00
14.9333   922.7  0.40   901.5  0.00
14.9500   922.7  0.40   911.1  0.00
14.9667   922.7  0.40   920.7  0.00
14.9833   922.7  0.40   930.3  0.00
